       [0;33;5;40;100m.[0;1;30;90;47m8S[0;1;37;97;47m  [0;1;30;90;47m88[0;33;5;40;100mt[0m        
    [0;1;30;90;47m@S[0;1;37;97;47m    [0;1;33;93;47mS[0;1;37;97;47m  [0;1;33;93;47mX[0;35;47mX[0;33;47mX[0;1;30;90;47m8[0;33;5;40;100m.[0m     
  [0;37;5;40;100m8[0;1;30;90;47m8[0;33;47m8[0;1;37;97;47m [0;1;33;93;47m%[0;1;37;97;47m [0;1;33;93;47mS[0;1;37;97;47m  [0;1;31;91;47mX@X[0;33;47m@[0;1;31;91;47mX[0;33;47mXX[0;1;30;90;47m8[0m    
  [0;1;37;97;47m   [0;1;33;93;47m%[0;1;35;95;47mS[0;1;33;93;47mS[0;1;35;95;47mS[0;1;33;93;47mS[0;1;37;97;47m [0;1;31;91;47m@[0;1;33;93;47mX[0;1;31;91;47mX[0;33;47mX[0;1;31;91;47mSX[0;33;47m@[0;1;31;91;47m@[0;1;30;90;47m8[0m   
 [0;1;30;90;47m8[0;1;37;97;47m [0;1;33;93;47mS[0;1;35;95;47m%[0;1;33;93;47mS[0;1;37;97;47m  [0;1;33;93;47mS[0;1;35;95;47mS[0;1;33;93;47m@[0;1;31;91;47m@[0;1;30;90;47m8[0;1;31;91;47mX[0;33;47mXX[0;1;31;91;47mX[0;33;47mXX@[0;1;30;90;47m8[0m  
 [0;1;30;90;47m8[0;33;47mX[0;1;37;97;47m   [0;1;33;93;47mS[0;37;5;45;105m8[0;37;5;43;103m8[0;1;37;97;47m [0;1;31;91;47m@[0;1;33;93;47mS[0;1;31;91;47m@[0;33;47mX[0;1;31;91;47mXS[0;33;47mX[0;1;31;91;47mXXX[0;33;47m@[0m  
 [0;33;5;40;100m [0;1;37;97;47m [0;1;33;93;47mS[0;1;35;95;47mS[0;1;33;93;47mX[0;1;35;95;47m%[0;37;5;43;103m8[0;37;5;45;105m8[0;1;37;97;47m [0;1;31;91;47m@S[0;33;47mX[0;1;31;91;47mX[0;33;47mS[0;1;31;91;47mX[0;33;47mX[0;1;31;91;47mS[0;33;47mXX[0;1;31;91;47mX[0m  
  [0;1;30;90;47m%[0;1;37;97;47m [0;1;33;93;47mS[0;1;35;95;47mS[0;1;33;93;47m%[0;1;37;97;47m  [0;1;33;93;47m%S[0;1;31;91;47m@[0;33;47mS[0;1;31;91;47mX[0;33;47mX[0;1;31;91;47mS[0;33;47mX[0;1;31;91;47mXS[0;33;47mX[0;1;30;90;47m8[0;33;47mX[0m 
 [0;37;5;40;100mS[0;1;33;93;47mS[0;1;35;95;47mX[0;1;33;93;47mX[0;1;37;97;47m   [0;37;5;43;103m8[0;37;5;45;105m8[0;33;5;41;101m:[0;1;30;90;47mS[0;33;47m8[0;1;31;91;47mX[0;33;47mX[0;1;31;91;47mX[0;33;47mX[0;1;31;91;47m8[0;1;30;90;43m8[0;35;5;41;101m8[0;1;30;90;43m8[0;1;30;90;47m8[0;33;5;40;100mS[0m
[0;1;30;90;47m;[0;1;37;97;47m [0;1;33;93;47mX[0;1;31;91;47mX[0;1;37;97;47m  [0;37;5;43;103m8[0;1;31;91;5;45;105m8[0;1;33;93;47m8[0;1;30;90;43m8[0;33;5;40;100m;[0;33;41m8[0;35;5;40;100m.[0;1;31;91;47mX[0;33;47mX[0;1;31;91;47m@[0;1;30;90;43m8[0;1;30;90;41m8[0;33;5;40;100mtS[0;1;30;90;43m8[0;1;31;91;47m@[0;35;5;40;100m [0m
[0;1;30;90;47mX[0;1;37;97;47m [0;1;31;91;47mS[0;1;37;97;47m  [0;1;35;95;47m%[0;1;37;97;47m [0;1;33;93;47m8[0;35;5;41;101m%[0;1;30;90;47m8[0;1;30;90;43m8[0;1;30;90;45m8[0;1;31;91;43m8[0;1;30;90;47mX[0;1;31;91;47mX[0;33;47mS[0;35;47m8[0;1;30;90;43m8[0;35;47m8[0;1;31;91;43m8[0;1;37;97;47m [0;33;47mX[0;1;30;90;47m8[0m
[0;33;5;40;100m.[0;33;47m@[0;1;37;97;47m  [0;37;5;43;103m8[0;1;35;95;47m%[0;1;33;93;47mS[0;1;35;95;47mX[0;1;33;93;47mS[0;35;47m@[0;33;47m8[0;1;33;93;47mX[0;35;47mX[0;1;33;93;47m@[0;35;47m@[0;1;33;93;47m8[0;1;31;91;47m@[0;33;47m@8[0;35;47mX[0;1;31;91;47m@X[0;33;47m@[0m
 [0;37;5;40;100mS[0;1;33;93;47mX[0;1;35;95;47m8[0;1;31;91;47m@[0;1;37;97;47m  [0;37;5;41;101m8[0;1;33;93;47mX[0;1;31;91;47m@X[0;1;30;90;47m8[0;33;5;41;101mS[0;1;30;90;47m8[0;1;31;91;47m@[0;1;30;90;47m8[0;1;31;91;47m@S[0;31;43m8[0;33;5;40;100m;[0;33;47m8[0;1;31;91;47m@[0;1;30;90;47m8[0m
   [0;33;5;40;100m;[0;1;33;93;47mS[0;1;35;95;47m%[0;37;5;43;103m8[0;1;35;95;47m@[0;33;47m8@[0;31;5;41;101m8[0;33;5;40;100mt[0;1;30;90;47m8[0;1;30;90;43m8[0;33;47m8[0;1;31;91;47m8[0;1;30;90;43m8[0;35;5;40;100m [0;33;5;41;101m8[0;35;5;40;100m%[0;33;41m8[0;33;5;40;100mX[0;33;47m8[0m
    [0;1;30;90;47m@[0;1;33;93;47mX[0;1;35;95;47m@[0;37;43m@[0;1;31;91;47m8[0;33;5;40;100mt%[0;33;41m8[0;33;5;40;100m;[0;35;5;41;101mX[0;33;5;40;100m:[0;1;30;90;43m8[0;1;30;90;45m8[0;37;43m8[0;35;5;40;100m;[0;31;43m8[0;35;5;40;100m%[0;33;47m8[0;1;30;90;45m8[0m
     [0;1;30;90;47m8[0;1;33;93;47m@[0;1;31;91;47m@[0;1;30;90;47m8[0;1;31;91;47m8[0;33;5;40;100m@[0;37;5;40;100m:[0;33;47mXSX[0;1;31;91;47mS[0;33;47m8[0;1;31;91;47m@[0;33;47mX[0;1;30;90;47m8[0;33;5;41;101m8[0;1;30;90;47m8[0;31;43m8[0m
      [0;33;5;40;100m:[0;33;47m8@X[0;35;5;41;101mX[0;33;47mX[0;1;31;91;47mS[0;33;47mX[0;1;31;91;47m@[0;33;47m8[0;35;5;41;101m@[0;1;30;90;47m8[0;33;47m8[0;1;31;91;47m8[0;33;5;40;100mS[0;1;30;90;41m8[0m 
       [0;33;5;40;100mX[0;1;30;90;41m8[0;33;5;40;100m;[0;1;30;90;43m8[0;1;30;90;47m8[0;1;31;91;47m@[0;33;47mX[0;1;31;91;47m8[0;33;5;40;100mS[0;1;30;90;43m88[0;35;47m8[0;1;30;90;43m8[0;35;5;40;100mS[0m  
         [0;33;5;40;100m@[0;1;30;90;41m8[0;1;30;90;43m8[0;35;5;40;100m.[0;1;31;91;47m8[0;1;30;90;47m8[0;33;47m8[0;35;47m8[0;1;31;91;47m8[0;1;30;90;43m8[0;35;5;41;101m8[0;1;30;90;43m8[0m  
           [0;31;5;40;100mX[0;1;30;90;43m8[0;1;30;90;41m8[0;1;30;90;43m8[0;31;5;41;101m8[0;33;5;40;100m%[0;1;30;90;43m8[0;31;5;40;100m@[0m    
